normdF = 11.971998485418043  normdF_normal = 11.861545004378939  err = 0.000861763531447
normdF = 22.009423951607538  normdF_normal = 21.898804156196046  err = 0.000500352325931
normdF = 7.704724169196384  normdF_normal = 7.589351130389171  err = 0.000459047218021
normdF = 11.030388544474068  normdF_normal = 10.920061562566643  err = 0.000329521143417
